5
7 3 4
3 5 2 7 4 1 6
2 4 1 6 5 7 3
2 1 4 5 3 7 6
1 4 6 2 3 7 5
10 2 6
1 2 5 6 3 4 7 9 8 10
1 2 3 4 6 7 8 9 10 5
1 3 2 5 4 6 7 8 10 9
2 7 10 3 9 1 4 6 8 5
1 2 4 5 6 7 8 3 9 10
2 1 3 5 10 9 8 7 6 4
10 5 8
1 8 3 7 10 4 6 5 2 9
4 5 3 1 6 10 7 2 8 9
4 7 5 6 10 8 1 3 9 2
2 1 5 3 8 6 7 4 10 9
3 1 2 5 7 8 4 9 6 10
4 5 6 8 9 1 7 3 10 2
2 1 4 8 9 5 10 6 3 7
7 4 10 6 2 8 9 1 3 5
100 10 9
2 8 12 13 6 5 16 14 10 4 18 11 24 3 7 17 23 21 9 22 1 20 32 19 27 26 28 30 15 29 35 40 38 39 37 46 43 25 41 42 33 36 52 53 31 50 34 48 54 44 47 61 45 56 57 49 58 66 62 60 55 69 64 67 63 73 68 77 74 51 79 59 75 82 65 85 84 81 71 72 89 86 87 93 91 78 70 96 97 100 98 76 80 90 92 94 88 83 99 95
8 3 6 13 11 5 4 16 14 9 10 21 20 22 18 25 7 1 23 12 15 29 2 33 34 17 26 35 32 27 24 40 39 31 44 37 45 42 46 49 43 47 48 41 53 36 56 55 28 38 54 30 58 59 19 64 57 65 51 50 70 52 63 69 74 73 60 77 67 79 76 81 68 71 62 85 75 84 61 89 88 83 72 78 66 90 96 80 91 87 86 93 82 99 95 100 94 98 92 97
3 10 6 15 8 4 17 16 12 19 9 13 18 1 11 24 2 25 5 29 30 20 23 26 34 35 27 28 32 37 33 40 31 7 41 46 14 21 47 45 36 48 49 53 52 55 43 54 22 57 39 58 44 63 50 42 59 66 38 65 56 71 61 73 60 70 75 62 72 68 77 81 69 84 80 51 74 83 86 79 89 92 87 88 64 67 96 76 93 91 99 95 78 97 94 98 85 82 90 100
8 5 2 1 15 3 4 17 18 12 13 6 20 7 14 11 10 24 28 25 29 31 9 22 33 32 27 36 21 35 40 30 34 37 38 19 43 45 49 26 23 16 48 50 47 53 51 56 44 57 54 46 63 61 39 58 60 52 55 66 41 67 62 70 42 76 73 59 72 77 80 71 78 74 83 79 85 69 84 64 90 86 89 87 94 91 95 65 81 96 98 82 92 100 93 99 75 88 97 68
5 9 2 14 13 8 3 4 17 1 16 10 12 19 20 21 11 6 24 28 15 22 26 7 30 32 31 29 39 35 33 34 38 23 25 45 41 42 37 18 49 50 40 47 54 55 56 46 44 51 58 27 48 64 63 52 57 53 60 68 59 62 65 36 61 71 67 43 66 73 74 79 76 81 77 70 78 72 75 80 69 92 91 93 89 88 87 90 84 96 94 99 86 100 82 98 83 85 97 95
10 11 7 6 5 13 12 9 4 14 19 20 18 22 15 16 17 2 26 27 1 29 32 24 31 33 23 34 8 36 37 41 25 39 35 38 43 42 46 45 44 49 51 30 40 54 53 48 58 52 55 61 21 28 62 65 59 56 64 69 3 66 67 72 74 63 73 75 57 47 78 77 81 68 79 70 82 85 83 60 50 92 87 86 71 88 90 80 93 91 99 84 96 100 95 98 97 76 89 94
7 9 8 10 6 3 15 5 11 19 4 20 21 14 22 12 1 25 28 24 30 23 29 18 32 16 31 37 34 35 13 41 42 27 17 26 44 45 39 2 36 47 46 33 43 38 55 50 58 56 59 40 51 53 62 57 61 54 67 68 66 49 60 52 74 73 70 69 71 78 65 48 82 76 75 81 63 77 80 88 89 84 87 83 85 91 79 86 64 92 93 94 96 98 72 100 90 97 95 99
3 9 2 8 4 6 11 12 15 17 16 14 10 13 18 1 23 20 26 25 21 31 5 24 7 19 27 36 37 38 39 32 22 41 40 29 28 33 42 48 34 30 50 47 46 49 45 44 58 54 52 55 43 60 63 61 35 65 68 67 51 53 69 62 66 73 71 57 72 56 77 70 80 76 82 81 64 83 86 84 59 91 87 75 79 90 78 93 98 85 74 97 95 88 96 89 94 100 99 92
1 7 6 5 11 4 2 15 14 20 3 10 22 16 9 19 26 8 17 28 24 27 31 25 23 35 18 34 36 29 12 40 32 43 38 42 41 47 48 44 30 21 52 46 13 45 33 57 56 50 54 53 62 58 39 60 49 66 37 67 69 51 68 71 65 61 70 63 75 74 64 59 72 78 77 81 83 80 87 82 89 84 85 79 94 90 86 73 95 99 96 55 98 100 76 97 88 93 91 92
100 25 6
15 23 8 1 28 31 2 33 22 32 26 4 30 9 6 12 29 3 42 36 45 11 34 10 53 20 37 14 59 21 48 19 43 27 38 58 62 52 56 50 17 65 49 67 63 61 40 25 7 47 18 74 60 73 44 57 46 82 35 83 81 13 69 78 77 72 75 91 5 24 71 51 66 79 99 95 98 100 88 86 87 90 92 89 64 93 84 96 85 94 41 54 70 97 16 55 68 39 80 76
2 9 1 5 13 8 24 11 27 32 7 34 37 6 33 31 38 35 19 30 39 28 23 26 29 17 47 3 15 20 43 22 36 52 25 58 12 44 49 10 40 64 51 48 42 70 18 66 62 74 4 41 72 45 54 21 73 60 77 69 14 59 61 67 75 57 85 81 78 83 79 92 16 91 86 68 98 46 53 55 97 93 95 88 56 65 71 63 96 84 94 76 90 100 89 99 82 80 50 87
6 13 20 7 28 26 17 11 19 21 36 8 10 1 38 35 2 15 24 31 43 30 29 18 48 50 55 3 59 52 39 47 53 49 25 41 23 45 16 60 65 9 56 62 69 12 22 33 74 70 61 76 75 54 78 34 27 77 58 64 80 32 68 90 71 44 85 51 87 67 37 81 86 72 88 98 84 57 97 73 79 82 42 63 4 92 100 14 91 95 96 94 40 93 46 66 83 99 5 89
5 14 26 28 20 1 23 31 4 16 6 12 15 3 10 29 36 42 9 11 27 25 37 41 30 49 35 2 38 40 8 44 46 21 57 18 52 32 54 13 59 47 34 66 65 45 55 64 67 19 43 73 77 69 51 58 24 68 50 33 75 62 84 72 39 56 89 53 81 61 60 94 79 93 92 71 95 90 91 83 78 76 70 17 100 48 87 63 96 22 97 80 88 85 82 99 98 7 74 86
15 23 10 5 2 14 11 3 6 31 29 7 20 8 34 9 17 4 32 30 35 28 12 16 18 33 50 41 42 36 52 51 54 37 59 56 21 26 62 53 49 45 44 60 63 25 61 55 66 47 40 65 69 70 43 74 75 27 77 78 81 84 58 83 89 46 86 72 22 67 73 88 24 57 90 85 98 71 95 97 48 96 1 80 82 79 39 68 99 64 93 94 76 87 91 100 19 38 13 92
15 23 20 29 25 13 3 34 2 16 18 5 21 17 11 4 35 41 10 39 27 8 7 24 42 6 45 53 37 1 54 55 51 40 48 57 60 43 12 28 14 32 31 33 62 19 61 75 49 58 67 9 52 47 77 71 74 63 56 80 89 88 44 59 90 87 46 78 64 79 86 36 82 84 50 83 69 100 22 91 96 93 85 94 68 99 73 38 65 26 92 95 81 70 72 98 97 66 30 76
