5
5
0 1 0 1 0
1 0 1 0 1
0 1 0 1 0
1 0 1 0 1
0 1 0 1 0
8
0 0 1 0 1 0 1 1
1 1 1 0 1 1 0 1
0 1 1 1 0 1 1 1
1 0 0 1 1 1 1 0
1 0 0 1 0 1 0 1
1 1 1 0 1 0 1 1
0 0 1 0 1 1 0 1
1 1 1 1 0 0 0 1
10
0 1 1 1 0 1 1 1 1 0
0 1 0 1 1 1 0 0 1 0
1 1 1 0 0 0 1 1 1 1
1 1 0 0 1 1 0 1 0 1
0 1 1 0 1 0 0 0 0 0
0 0 1 1 1 1 0 0 0 0
1 0 1 1 0 1 0 1 0 1
1 0 0 1 0 1 0 1 1 1
1 1 0 1 1 1 1 1 1 0
0 1 1 1 0 1 0 1 1 1
25
1 0 0 1 1 1 1 1 0 0 0 0 1 0 1 0 1 0 1 0 0 0 1 0 0
0 1 1 1 0 1 0 0 1 1 1 0 0 1 1 1 0 0 0 0 0 1 1 0 1
1 0 1 1 0 0 1 0 1 1 1 0 0 0 1 1 1 0 1 1 1 0 0 0 1
1 1 1 1 1 1 0 0 0 1 0 0 0 1 1 1 1 1 1 0 1 1 0 1 0
1 1 0 0 0 1 1 0 0 1 0 0 0 1 0 1 0 0 0 1 0 1 1 0 1
1 0 1 0 0 1 0 0 1 0 0 0 1 0 0 0 0 1 0 1 0 1 1 0 0
0 1 0 1 0 1 0 1 1 1 0 0 0 1 0 0 0 1 0 0 1 1 1 0 0
1 0 1 0 1 1 0 0 1 1 1 0 0 0 0 0 0 1 1 1 1 1 1 1 0
0 0 1 1 0 1 0 1 1 0 0 0 1 0 1 0 1 1 0 0 0 0 0 0 1
1 1 1 1 1 0 0 1 0 0 1 1 1 1 0 0 0 0 0 0 0 1 0 0 0
0 1 1 1 1 0 1 0 1 0 0 1 0 1 0 0 0 0 1 0 1 1 1 0 0
0 0 1 1 0 1 0 1 0 1 0 0 1 1 0 0 0 0 0 0 1 1 0 0 0
0 0 1 1 1 1 1 1 0 0 1 0 0 0 0 0 0 1 1 1 0 0 1 1 0
1 1 0 1 1 0 0 0 0 0 1 0 1 0 1 1 0 1 1 0 1 0 1 0 0
1 1 1 0 0 0 0 0 1 0 0 1 1 1 0 1 0 1 0 0 0 1 1 0 1
0 0 0 0 0 1 1 0 1 0 0 0 1 0 1 1 0 0 1 0 1 1 1 0 0
1 1 0 1 1 1 1 1 0 1 0 0 0 1 1 0 1 1 0 0 0 0 0 1 1
1 0 1 1 0 0 0 1 0 0 0 1 0 0 1 0 0 1 1 0 1 1 1 0 1
1 1 0 0 1 1 1 1 0 0 1 1 1 0 0 1 1 1 1 0 1 1 1 1 0
1 1 1 0 0 1 1 0 1 0 0 1 1 0 0 1 0 1 0 1 1 0 1 1 0
1 0 0 1 0 0 0 1 0 1 1 0 0 0 0 0 0 0 1 0 0 0 0 1 0
1 1 1 1 1 1 0 0 0 0 0 1 1 0 1 1 1 0 1 1 1 0 1 0 0
0 0 0 0 1 0 0 0 0 1 0 1 1 1 0 0 1 1 1 0 1 1 0 0 0
0 1 0 1 1 0 0 1 0 0 0 1 0 0 0 1 1 1 1 0 0 0 1 1 0
0 0 0 1 1 0 1 0 0 0 1 1 1 1 1 0 1 0 1 0 1 0 1 0 1
25
0 0 0 1 0 0 1 1 1 1 1 1 1 1 0 1 1 1 1 0 0 1 1 1 1
1 0 0 0 1 0 1 0 1 0 1 0 1 0 1 1 0 0 0 0 1 0 1 0 1
0 1 1 1 1 0 1 1 0 1 1 1 0 1 0 0 1 1 1 0 1 1 1 1 0
1 1 0 1 1 1 0 1 1 0 1 0 0 0 0 1 0 1 0 0 0 0 1 0 0
1 1 1 1 1 0 0 0 0 0 0 0 0 1 1 0 0 0 0 1 1 1 0 0 1
0 1 1 1 0 1 1 1 1 0 1 0 0 0 0 0 1 0 0 0 0 0 1 1 0
1 0 0 0 0 0 0 0 1 1 0 1 0 1 0 0 0 0 0 0 0 1 0 1 1
0 0 0 0 1 0 0 1 1 1 0 0 0 0 1 0 0 1 0 0 1 0 0 0 1
1 0 1 0 1 1 1 1 1 1 0 1 0 1 1 0 1 1 1 1 0 1 0 1 0
0 1 1 0 1 0 0 1 1 1 1 1 1 0 0 1 0 0 0 1 1 0 1 1 0
0 1 1 1 0 0 0 1 1 0 1 1 0 1 1 1 0 0 1 1 1 0 0 1 0
0 0 0 1 1 1 1 0 1 1 1 1 0 0 1 0 1 1 0 1 1 0 0 1 1
0 1 1 0 0 0 1 1 0 1 1 1 0 0 1 1 0 1 0 1 1 0 1 1 1
0 0 1 1 0 0 1 0 1 0 1 1 1 1 0 1 0 1 0 1 1 1 0 1 1
0 0 0 0 1 1 0 0 0 1 0 1 1 0 1 1 0 1 1 0 1 1 0 0 0
1 0 0 1 1 1 1 1 0 1 1 0 1 0 0 0 0 1 1 1 0 0 1 0 1
1 0 1 1 0 1 1 0 0 0 1 1 1 1 1 0 0 0 0 0 0 0 1 1 1
0 0 1 0 1 0 1 0 0 1 1 1 0 1 1 0 0 1 1 1 1 0 1 0 1
1 0 0 0 0 1 1 1 1 0 0 1 0 1 1 0 0 0 1 1 0 1 0 0 0
1 0 0 0 1 0 1 0 0 1 0 0 1 1 0 0 0 0 1 0 0 0 1 0 1
1 0 0 0 0 1 0 0 1 0 0 1 0 1 0 0 0 0 0 1 0 1 1 0 0
0 1 1 0 1 1 0 0 1 1 1 1 1 0 0 0 0 1 1 1 1 1 1 1 0
0 1 1 0 1 1 0 0 0 0 0 0 0 0 1 1 0 1 0 0 0 1 0 1 0
0 0 1 1 0 1 0 0 0 0 1 0 1 0 1 1 1 0 0 0 1 0 0 0 1
0 0 0 0 1 1 1 0 1 1 0 0 0 1 0 0 0 0 0 0 0 1 0 1 0