5
10
8 3 4 1 4 9 11 11 2 8 2 7 1 2 1 10 9 4 3 3
15
7 1 6 5 1 7 3 1 2 4 2 1 6 1 3 4 3 7 4 6 5 1 3 1 3 7 2 4 2 2
20
5 6 7 3 1 8 9 9 3 4 6 1 9 7 3 8 5 9 4 3 4 1 2 2 9 9 9 5 4 4 9 1 2 5 8 6 2 4 1 6
20
2 1 3 2 1 3 2 1 1 2 3 1 3 3 3 2 1 1 2 1 1 2 2 3 2 3 3 2 1 1 1 2 2 2 1 3 1 3 1 3
50
1 3 9 7 11 8 11 10 7 6 11 3 4 9 7 7 6 10 7 4 4 7 1 3 9 5 6 3 7 5 5 11 7 4 10 5 7 9 10 1 5 11 7 5 11 1 4 7 10 6 2 11 11 3 5 8 8 5 5 11 3 4 5 1 2 2 9 1 2 4 4 10 7 7 9 4 2 7 7 4 7 2 6 11 6 3 10 2 6 8 9 10 5 1 2 10 11 7 11 9